atomic	49	102.45002908091652	0.1227561048477747	0.0
atomic	22	69.25439926766622	0.14527724966928043	0.0
naive	85	79.70399535720091	0.024366230064411395	0.0
naive	58	81.43152870576127	0.029949343778521886	0.0
naive	101	80.76905268971012	0.021551387304999108	0.0
atomic	25	76.05431850536154	0.14191501883588017	0.0
naive	4	16.216820511926507	0.0007033406994821416	0.0
naive	92	81.0171169899833	0.02398004941927825	0.0
atomic	108	113.67105614830544	0.1412736890570111	0.0
atomic	39	95.42800057427453	0.12698580831367107	0.0
naive	113	79.4974892543118	0.01617511323589988	0.0
naive	39	78.21346982812813	0.03682356216962368	0.0
atomic	110	114.05177484002297	0.14121741934951934	0.0
atomic	10	39.432756641097285	0.004190592952197835	0.0
atomic	86	114.68924177695503	0.15594812577392944	0.0
atomic	126	109.45001147246528	0.051464809218150054	0.0
naive	35	76.93460817684505	0.04261718601172886	0.0
naive	116	78.9270722310733	0.014396338014579683	0.0
naive	37	77.42880750604023	0.039599368471949094	0.0
atomic	59	108.46629742902685	0.14299820545604164	0.0
naive	107	79.75824783949055	0.019157927506438695	0.0
atomic	56	107.19745083368066	0.13919714643828857	0.0
atomic	35	91.22538336089667	0.13164053657092645	0.0
naive	23	67.54909190908214	0.07095104888837253	0.0
atomic	92	114.89893717410685	0.15534042904073178	0.0
naive	96	80.97981641341376	0.023489600690581397	0.0
naive	82	79.96058347556463	0.0242617228745947	0.0
atomic	8	32.140489292747525	0.0038610892186668132	0.0
naive	20	62.753104843212455	0.07777698728871994	0.0
naive	27	71.47352916080281	0.060508060081038643	0.0
naive	121	78.75675271174963	0.011361889894436024	0.0
naive	79	80.94059366230536	0.025138336987458165	0.0
naive	15	52.539541959806186	0.06564907967668816	0.0
atomic	9	35.898910264203124	0.0037570677703901993	0.0
atomic	68	111.43988420875466	0.14989148260593615	0.0
atomic	99	113.99108344787918	0.14874888132016106	0.0
atomic	55	106.4586529109183	0.1405218968816242	0.0
naive	112	80.13538889285473	0.01569678339821568	0.0
atomic	26	78.00791420292633	0.14023782704298732	0.0
atomic	40	96.50319700616201	0.12248315925311637	0.0
atomic	50	103.89217488294467	0.1313996699830378	0.0
atomic	113	113.28820187715897	0.13166924539358363	0.0
naive	57	81.30996769659343	0.030000588483605255	0.0
atomic	89	115.34355357016307	0.1563985527469504	0.0
naive	18	59.108403370558186	0.07264362127047426	0.0
naive	123	78.6724781594847	0.009792559459029246	0.0
naive	106	80.68200177276798	0.02073000743177982	0.0
atomic	31	86.46572673593059	0.13457097543213134	0.0
atomic	123	110.50981898952564	0.08064948585903099	0.0
atomic	52	105.23107118455049	0.13096771205391763	0.0
atomic	90	115.35606820855631	0.15622154717051018	0.0
atomic	103	113.33203925357786	0.14609598588382108	0.0
atomic	117	112.18050755434302	0.11586383121012658	0.0
naive	100	80.69840720574605	0.02191997354334039	0.0
naive	38	77.70914725458266	0.03821304635169485	0.0
naive	47	78.63824952068227	0.030159546554614558	0.0
atomic	105	114.1636774491176	0.14966173953678336	0.0
atomic	87	115.05767569637706	0.15617985239059953	0.0
naive	31	74.51564828614008	0.0503204719088004	0.0
naive	33	75.29073111365194	0.04963057808341184	0.0
atomic	88	115.251023761792	0.15646600675498623	0.0
naive	30	73.7555266860034	0.050922326319828674	0.0
atomic	16	57.44327650345828	0.10561391142726753	0.0
atomic	3	12.592773762704011	0.0006299781662039456	0.0
naive	56	81.02894376867513	0.02920680598488241	0.0
naive	93	81.04857359088145	0.024134711774841104	0.0
naive	16	55.13256744290522	0.06303071594365939	0.0
naive	55	80.98156835410569	0.03013508545328868	0.0
atomic	11	40.74271751703509	0.12037037781332494	0.0
atomic	61	109.23445732820656	0.1447866187151187	0.0
atomic	53	105.56927417437161	0.13552248908779627	0.0
atomic	125	109.62516474653927	0.06192388679411375	0.0
naive	104	80.62717391791074	0.02178894716386022	0.0
naive	80	81.39196829042167	0.024813696451225793	0.0
naive	75	81.32327004347312	0.025952963785679153	0.0
naive	88	79.93996459109644	0.023830910089449667	0.0
naive	110	79.99097162396833	0.016376337024140923	0.0
naive	17	57.743101103035094	0.05841146301885225	0.0
naive	19	61.35222270265412	0.06873058960410425	0.0
naive	72	81.27147568174023	0.028000448344397383	0.0
naive	69	80.64572027137045	0.026994215636224197	0.0
atomic	73	112.45268066531825	0.1528596540593296	0.0
atomic	84	114.1988223735219	0.15609553192291087	0.0
naive	102	80.70864793185865	0.021388114183381126	0.0
naive	66	81.56454458003995	0.02755361023711917	0.0
atomic	24	73.9025386407314	0.1429213509121729	0.0
atomic	19	64.45212728084653	0.12643306866258008	0.0
naive	64	81.54269087949461	0.027921123362812945	0.0
naive	71	81.16181379906267	0.027895772089611786	0.0
naive	91	81.13903345537247	0.023791704743825363	0.0
naive	118	78.97604492638416	0.013492070816087684	0.0
atomic	116	112.53971715927149	0.12041010180088171	0.0
atomic	124	110.03642654423345	0.07258330012677115	0.0
atomic	64	110.5065127253389	0.1451974538349697	0.0
naive	32	75.27563083772074	0.048617457097302336	0.0
naive	114	79.50891369622737	0.01598473022063605	0.0
atomic	7	28.096694372300927	0.0027169181322163104	0.0
atomic	44	100.12768244828237	0.12445042910158885	0.0
atomic	107	114.21795487555171	0.14383650657973981	0.0
atomic	70	112.10371707785508	0.1505402252187994	0.0
naive	13	47.0250349042626	0.07495891601982899	0.0
atomic	98	114.13900379834021	0.1511923113276928	0.0
atomic	95	114.3166057359158	0.15273298957900927	0.0
naive	44	79.2811668333496	0.03203808302240631	0.0
naive	78	81.12864247202529	0.024959325112519377	0.0
atomic	4	16.43531225449752	0.0012779711315267822	0.0
atomic	93	114.80114779379511	0.15498899689203846	0.0
naive	90	80.52463713804097	0.023770261415046946	0.0
atomic	118	111.76008317505806	0.11016442592153125	0.0
naive	49	78.3802433159101	0.02709358345847955	0.0
naive	10	38.46805287833936	0.003911913833812943	0.0
atomic	127	109.38382454504676	0.033410180859043834	0.0
atomic	18	61.7706193425429	0.12785529745100363	0.0
naive	60	81.31300628639887	0.02847025682420721	0.0
atomic	81	114.65503856853249	0.15465668774706448	0.0
atomic	63	110.20353818829982	0.14341825486464765	0.0
naive	24	68.67753945783971	0.07002988633233813	0.0
naive	2	8.366538031144438	0.0005350401070916065	0.0
naive	7	27.72081025552307	0.0026381331929199925	0.0
atomic	23	71.95324817976986	0.14336699843015596	0.0
atomic	111	113.7737218521714	0.13792291947198063	0.0
atomic	2	8.47134387916814	0.00018869918490851205	0.0
naive	81	80.06958831933764	0.024629310153285722	0.0
atomic	54	106.02161121108004	0.138551681601802	0.0
atomic	78	113.66426296144282	0.15414770163620314	0.0
naive	125	78.58220193805506	0.006820157834927676	0.0
naive	98	80.77856840217476	0.022861374573554222	0.0
atomic	38	93.75395565079499	0.12456579534755956	0.0
naive	29	73.60517665119869	0.05283003818761077	0.0
naive	99	80.81592543306107	0.022423364274765326	0.0
naive	63	81.39728703478067	0.027582968167722075	0.0
atomic	5	20.3045965626917	0.0018304282254255574	0.0
naive	3	12.402560660235158	0.0006513856601807598	0.0
atomic	37	92.72284557621674	0.1273886913440433	0.0
naive	48	78.42618444974669	0.029064282658548088	0.0
atomic	119	111.54772502341555	0.1062386698460426	0.0
atomic	20	65.72742936918117	0.13856273792124288	0.0
naive	77	81.51862637091568	0.025445972132261258	0.0
atomic	79	113.83531282047018	0.15487264892042435	0.0
atomic	57	107.63908596585497	0.14194442858334155	0.0
atomic	47	102.03575464948965	0.1295746560548749	0.0
atomic	112	113.36590530519904	0.13513755006576805	0.0
atomic	114	112.88221564483251	0.1283118831142312	0.0
naive	70	80.87332175520051	0.027560505791829972	0.0
naive	45	79.5930708544356	0.03215695282412269	0.0
naive	124	78.65464366734224	0.009134701143833432	0.0
atomic	6	24.671806717776597	0.0022335803601467785	0.0
atomic	85	113.90185923210845	0.15510801754788658	0.0
atomic	128	108.75796009908485	0.004963530277912265	0.0
naive	22	65.57705067702342	0.07644031312216361	0.0
atomic	62	109.59764511953487	0.1437600511363611	0.0
naive	52	80.49979776063196	0.029053191788041194	0.0
naive	14	49.63836174158726	0.07058796263934422	0.0
atomic	51	104.47519854384791	0.1325338562157222	0.0
atomic	97	114.35964093595976	0.1520092325759272	0.0
naive	115	79.12126559569361	0.014894195726081125	0.0
naive	86	79.68090765663902	0.02400820974261609	0.0
atomic	34	89.48598160683768	0.1330163745515314	0.0
atomic	66	111.22139118871969	0.1461346205611953	0.0
naive	95	80.94871187113077	0.023704110600960244	0.0
atomic	94	114.39762391111795	0.15394375196181062	0.0
naive	51	79.73348379510746	0.029163354668325984	0.0
atomic	43	99.03988729957159	0.12561396305637895	0.0
naive	128	78.78198674703972	0.005393138272814379	0.0
naive	11	40.41792940684618	0.08167316664079423	0.0
atomic	12	44.04205098326172	0.11473526630752577	0.0
atomic	30	85.15229677505543	0.13330398102028743	0.0
naive	73	81.4335649741575	0.02799101002372085	0.0
naive	87	79.73394973157811	0.024122431530090905	0.0
atomic	65	110.64312430288612	0.14686099403303055	0.0
naive	34	76.51542759187225	0.04461978123223019	0.0
naive	117	79.10198786699051	0.01393824462207304	0.0
atomic	14	50.88084609239774	0.11029876374129309	0.0
atomic	15	54.313369895001884	0.10895592613402949	0.0
naive	74	81.48765324033324	0.026686516256547728	0.0
naive	21	64.634016258401	0.07072254246614444	0.0
atomic	120	111.53150752811459	0.10059383305294395	0.0
atomic	13	47.83057764111252	0.11445132593049658	0.0
naive	89	80.89382858203925	0.024169958985486226	0.0
naive	122	78.6826825185875	0.010700456271229444	0.0
atomic	45	100.4743979325991	0.13127968402416376	0.0
naive	62	81.40395615857373	0.02825269059130238	0.0
atomic	17	60.500975290375905	0.10478694376916475	0.0
atomic	69	111.95255438987705	0.14931581343237216	0.0
atomic	71	111.97274644213593	0.15222171290565759	0.0
atomic	102	112.96072217800486	0.1429896549443749	0.0
naive	42	78.90453417793509	0.03320558124128447	0.0
naive	6	23.95347596208804	0.002482660012594379	0.0
naive	8	31.413335540120155	0.0037455948513813305	0.0
atomic	32	87.83944692166745	0.13048543845374713	0.0
atomic	46	101.2918744606124	0.1287355622398631	0.0
naive	65	80.76663792119894	0.027608554056261465	0.0
atomic	33	88.39446574993678	0.13779735083557607	0.0
naive	61	81.44281098507288	0.028911666175722005	0.0
naive	67	81.3905205456118	0.027576213310192152	0.0
atomic	100	113.68739338559674	0.14745159807460143	0.0
atomic	58	107.7090922524565	0.14480925788501692	0.0
naive	68	80.89774862930189	0.027573170729806994	0.0
naive	126	78.5301642708133	0.005888054651037492	0.0
atomic	41	97.51182368567532	0.1209844616413346	0.0
atomic	77	113.49532195789763	0.15428379768008135	0.0
naive	5	20.148812682855514	0.0017113756434000262	0.0
naive	40	78.56830015007723	0.03364722758887379	0.0
atomic	21	68.51997612894546	0.13636339502538777	0.0
atomic	96	114.8073525399091	0.15385104552610773	0.0
naive	94	80.91859381121938	0.023927956401118926	0.0
naive	12	43.4866824752837	0.07723959848756598	0.0
atomic	82	114.60879166768042	0.15530499099314848	0.0
atomic	29	83.44960048975092	0.13514370105981227	0.0
atomic	36	91.15751816566762	0.13069463761863354	0.0
naive	26	69.52988325984028	0.06340534173526578	0.0
naive	120	78.63645531088224	0.012131470082629386	0.0
naive	1	4.273524362721363	0.0	0.0
atomic	83	114.72877925895922	0.15562466862910557	0.0
atomic	122	110.85408547533405	0.08810774181506675	0.0
atomic	27	80.16006502531694	0.13796585028810937	0.0
atomic	1	4.210891555225421	0.0	0.0
naive	43	79.20634742961717	0.03264558797756941	0.0
naive	111	79.18236870893455	0.017513247491636845	0.0
atomic	101	113.62207253011368	0.14529877591691553	0.0
atomic	121	110.97507436159964	0.09453957779842746	0.0
atomic	48	102.73072811001026	0.12765671800550518	0.0
naive	84	79.72791646260775	0.024404953499446692	0.0
atomic	115	112.54934967717713	0.12440095636395203	0.0
atomic	91	115.06738323590783	0.15591313298124143	0.0
atomic	75	113.13282019557727	0.15375360620509596	0.0
atomic	72	111.80499896886633	0.1526130348216081	0.0
atomic	60	109.03250335247691	0.1423386324291052	0.0
naive	59	81.09749923665028	0.029425881998009558	0.0
atomic	109	113.89358696606587	0.14275435728302346	0.0
atomic	67	111.34055765140285	0.14787718609212455	0.0
naive	9	35.131572510004254	0.0035832585814114947	0.0
naive	36	77.37411732609951	0.04074518087420727	0.0
naive	108	80.54304735480062	0.017642289021963947	0.0
naive	53	80.78349278218474	0.029289672949009877	0.0
atomic	28	81.80080635562217	0.13659359113725142	0.0
naive	127	78.53617815499382	0.004964423794300351	0.0
atomic	104	113.7523106621711	0.14785181801111846	0.0
naive	83	79.69842661423137	0.02421779373317338	0.0
naive	119	78.58692894671562	0.01239628465199757	0.0
naive	76	81.38947262201796	0.026065122746059006	0.0
naive	50	79.015195064496	0.028724580574940834	0.0
naive	28	72.63521130282453	0.05756362036952065	0.0
atomic	106	114.05675435673963	0.14708447431865077	0.0
naive	46	79.6328650945955	0.031123346252685778	0.0
atomic	76	112.77497192545562	0.15431638144336496	0.0
naive	41	78.57638181498895	0.032376491353469455	0.0
atomic	42	98.08859907204848	0.12700584137227597	0.0
naive	105	80.78111683766393	0.020978196574676408	0.0
naive	103	80.60455896088057	0.021094332403958894	0.0
naive	25	69.51560911829016	0.06567241050766716	0.0
atomic	74	112.53633224491834	0.15373451836346907	0.0
naive	54	80.7808979704348	0.029513555672381293	0.0
atomic	80	114.25629920551293	0.15493238069432608	0.0
naive	109	79.94478681024252	0.018437040624765484	0.0
naive	97	81.0964833399915	0.02278332516527629	0.0
