naive   4       15.267386810218271      0.005101106690129289    0.0
naive   5       18.63436769229978       0.004266586149214475    0.0
naive   6       21.65471627088462       0.0031673164209306786   0.0
naive   13      34.753486221939255      0.002502748329626967    0.0
naive   14      35.517982845321676      0.0024522334456445736   0.0
naive   15      36.44351465790553       0.002346318067441536    0.0
naive   18      37.98669129235999       0.026873442996162265    0.0
naive   19      38.297457968566405      0.023165667522683387    0.0
naive   20      38.65283356482194       0.021959838518188092    0.0
naive   21      38.96096392357863       0.01973564685565337     0.0
naive   26      39.87461862670138       0.012866105465755676    0.0
naive   27      40.00430927077972       0.012118922556014154    0.0
naive   28      40.23915505370554       0.01562948226680539     0.0
naive   31      40.60873533787488       0.012802635868747999    0.0
naive   32      40.671205321633394      0.011925960361155835    0.0
naive   33      40.88659775096079       0.01326973833332737     0.0
naive   34      40.9346066153674        0.012805898200440336    0.0
naive   35      40.99957609115845       0.011832861324680565    0.0
naive   36      41.0689320221967        0.011474475256465205    0.0
naive   37      41.10761795115567       0.012085423837687835    0.0
naive   38      41.222289646802416      0.012038011217702716    0.0
naive   39      41.30147446752624       0.012429988937759987    0.0
naive   43      41.5780068327439        0.012047866792492288    0.0
naive   51      41.7936993872335        0.013163118601188179    0.0
naive   52      41.785300579669986      0.012965022548473789    0.0
naive   53      41.78239328561075       0.014148807254978734    0.0
naive   54      41.90247905857866       0.013295291435409813    0.0
naive   55      41.838537650469604      0.01291692882573143     0.0
naive   56      41.91963790201756       0.013353850299517998    0.0
naive   57      41.983812274752545      0.013786411444147292    0.0
naive   58      41.914357750912494      0.014542368756552557    0.0
naive   61      42.07083808572594       0.014163041957991463    0.0
naive   63      41.95756003901936       0.01364794484149901     0.0

cassafe 1       3.595014433982952       0.0     0.0
cassafe 2       7.139841834653758       0.004651071467139284    8.5e-07
cassafe 4       13.647881750658149      0.004255455874998849    3.575e-06
cassafe 8       25.306449237872556      0.003747269397591882    1.04125e-05
cassafe 9       27.576792515345293      0.0033684689029870223   1.3055555555555555e-05
cassafe 10      29.659310910399963      0.0034673820723577498   1.492e-05
cassafe 13      34.00475623921883       0.002857494442399641    2.2753846153846155e-05
cassafe 17      36.501170569805886      0.028888902056672317    3.258235294117647e-05
cassafe 18      37.43575175761432       0.02619507940522474     3.5355555555555555e-05
cassafe 19      37.76443380982181       0.023371507429132778    3.8984210526315786e-05
cassafe 20      38.12468705588909       0.021732046873453433    4.274e-05
cassafe 21      38.44339301909827       0.019586868735716627    4.564285714285714e-05
cassafe 23      38.98711791924293       0.016255530364799386    5.319565217391304e-05
cassafe 24      39.105700692584364      0.014610252019969293    5.739166666666667e-05
cassafe 25      39.30187791289798       0.01379412092948953     6.0408e-05
cassafe 26      39.23566578203203       0.011950319798429056    6.490769230769231e-05
cassafe 29      39.95917170443253       0.013651874716049742    7.407931034482759e-05
cassafe 30      40.06002202001486       0.012413360698100688    7.814333333333333e-05
cassafe 33      40.35861591353419       0.01213822041964116     8.794848484848485e-05
cassafe 34      40.50179197655997       0.011901446597223411    9.177058823529412e-05
cassafe 39      40.816199803182194      0.010862493051459816    0.00011024358974358975
cassafe 40      40.921011978774594      0.01184684679107579     0.0001127125
cassafe 41      40.998997924492194      0.011468003177431978    0.00011645609756097561
cassafe 43      41.05550975587824       0.010123987147286163    0.00012327674418604652
cassafe 44      41.09278440612715       0.01075354014474831     0.00012675227272727273
cassafe 46      41.1733879294014        0.010323421429672481    0.00013364347826086957
cassafe 47      41.18801655895498       0.009643560269929576    0.00013792553191489362
cassafe 51      41.316482867250684      0.010916956903405356    0.0001520764705882353
cassafe 53      41.32165973840662       0.01127729351342706     0.00016060188679245283
cassafe 55      41.38288880778115       0.01050378379329878     0.00016674545454545454
cassafe 59      41.415779813060155      0.011173165952655013    0.00018058813559322033
cassafe 60      41.42940664047723       0.011544898961691174    0.00018536833333333334
cassafe 61      41.46783059211025       0.011424225818812325    0.0001879360655737705
cassafe 63      41.520315878529026      0.010825734161420313    0.00019612063492063493
