naive   1       4.357784572048124       0.0     0.0
naive   2       8.504826063549762       0.0005851320331722422   0.0
naive   3       13.005686375098444      0.00398296310846192     0.0
naive   4       16.86574215695555       0.003821203527712227    0.0
naive   5       21.408833096137737      0.004533832120402938    0.0
naive   6       25.50372694463084       0.004129337527924729    0.0
naive   7       29.35550644598995       0.004003054351701284    0.0
naive   8       33.1119951668904        0.004589535403126496    0.0
naive   9       37.31612479507228       0.0047076098006582166   0.0
naive   10      41.36618271542185       0.0045758448595795      0.0
naive   11      45.76065189792682       0.004937570729512042    0.0
naive   12      49.550666640560806      0.005135943914286925    0.0
naive   13      52.69305472488644       0.0048020487256330785   0.0
naive   14      57.13000872048776       0.004730886899924214    0.0
naive   15      58.648007042973994      0.07817418887094994     0.0
naive   16      61.13529630331819       0.09850842693523384     0.0
naive   17      64.69660794341371       0.09240238682126672     0.0
naive   18      68.39493489910448       0.09403882068246874     0.0
naive   19      70.58445453448026       0.10321983319463575     0.0
naive   20      74.14700864181532       0.09675054098616481     0.0
naive   21      77.71407827534661       0.09464762122799175     0.0
naive   22      80.9593008060385        0.09328456494107955     0.0
naive   23      84.33083775162889       0.090127035879328       0.0
naive   24      87.50569660565706       0.0881723762278986      0.0
naive   25      90.4859588232424        0.08798700375824786     0.0
naive   26      93.66779516499312       0.08418588697969084     0.0
naive   27      96.45342859985993       0.08186638899018497     0.0
naive   28      99.43387500824545       0.07981114403758023     0.0
naive   29      101.70551686399008      0.08127832540095623     0.0
naive   30      104.7425067821646       0.07905720412335038     0.0
naive   31      107.66877758718329      0.07404330773315146     0.0
naive   32      109.31864241661756      0.07988526716706192     0.0
naive   33      111.05407819638876      0.08399516609936905     0.0
naive   34      113.37803206670097      0.08182183212456266     0.0
naive   35      114.83632116661103      0.08495265483016468     0.0
naive   36      117.15098989061079      0.08287176742386203     0.0
naive   37      119.31117726805013      0.0805965934850153      0.0
naive   38      121.24500992609555      0.08195409441026268     0.0
naive   39      123.49703258796825      0.07687666681858844     0.0
naive   40      125.52991866743967      0.07520554785813947     0.0
naive   41      126.99480239963817      0.07543602372553586     0.0
naive   42      128.49217362474366      0.07495788775215019     0.0
naive   43      130.024587093879        0.07416535173502573     0.0
naive   44      131.86837378450187      0.07182348321551307     0.0
naive   45      133.29702300484786      0.06980199661860473     0.0
naive   46      134.40158115203042      0.06979877886315712     0.0
naive   47      135.47125078974557      0.07031672538179684     0.0
naive   48      136.93836170759783      0.06762106068097687     0.0
naive   49      137.80479532334718      0.06837318246251033     0.0
naive   50      138.67690813753708      0.06902679737668589     0.0
naive   51      139.64973355571772      0.06699000198152784     0.0
naive   52      140.60214386446717      0.0651295433486583      0.0
naive   53      141.5817692680868       0.06540235325453612     0.0
naive   54      142.1978060721828       0.06456380606112563     0.0
naive   55      143.24481100762645      0.06369889316386591     0.0
naive   56      143.7355417101521       0.06316764234263961     0.0
naive   57      144.6949120249813       0.06084311812005275     0.0
naive   58      144.64564808886809      0.060800147603935005    0.0
naive   59      145.62482735551296      0.061041081702978395    0.0
naive   60      146.10301913001103      0.06010261706948293     0.0
naive   61      146.8687551793093       0.057861527695133724    0.0
naive   62      147.4964205450481       0.05767307399832598     0.0
naive   63      148.03331917089477      0.057298415070306793    0.0
naive   64      148.57574460560772      0.05641292515974025     0.0
naive   65      148.69381685076036      0.05494389769627927     0.0
naive   66      149.13217757105392      0.05482059257986296     0.0
naive   67      149.6661770770056       0.05392843015307864     0.0
naive   68      150.03882579095773      0.05356722602224798     0.0
naive   69      150.29232852270354      0.05227181280495515     0.0
naive   70      150.41526338946642      0.051988649448419064    0.0
naive   71      150.70940570554652      0.05158860270849845     0.0
naive   72      151.30700355638007      0.0509474024781992      0.0
naive   73      151.2261121733436       0.049893851289866925    0.0
naive   74      151.65020989568802      0.049617294639631195    0.0
naive   75      151.7876759125393       0.04876902664055164     0.0
naive   76      151.85948721389258      0.04826835324984192     0.0
naive   77      152.16831638013005      0.04756474817864363     0.0
naive   78      152.29282975444642      0.04704391799840831     0.0
naive   79      152.07749332975345      0.04685136009852243     0.0
naive   80      152.26151989485658      0.04598439547248131     0.0
naive   81      152.46363031338367      0.04532557504621022     0.0
naive   82      152.9908069089192       0.04536121282575512     0.0
naive   83      152.68743663368872      0.044392053128967456    0.0
naive   84      152.58039659174145      0.04413522917757255     0.0
naive   85      152.43298927115438      0.04336905394312867     0.0
naive   86      153.05724869848308      0.04361818456920778     0.0
naive   87      153.08261825221186      0.04284746107118933     0.0
naive   88      152.9273562276486       0.042749525116345874    0.0
naive   89      153.08402958446953      0.04223117800106721     0.0
naive   90      153.21195876915627      0.04209252158685922     0.0
naive   91      153.0145547847327       0.04149573170203139     0.0
naive   92      153.24696617493456      0.041070612823415946    0.0
naive   93      153.17628561406423      0.04047447011054223     0.0
naive   94      153.64369028391533      0.03985894249787472     0.0
naive   95      153.09643606424802      0.039967645216542246    0.0
naive   96      153.15442807765106      0.039343588485979054    0.0
naive   97      152.95800078921712      0.0391061643906863      0.0
naive   98      152.73290477843676      0.03797506222457593     0.0
naive   99      152.86258110160423      0.037346335671852804    0.0
naive   100     152.82234756643248      0.03702939767553849     0.0
naive   101     152.6248167164993       0.03540977941694092     0.0
naive   102     152.9754674592619       0.035931499659697635    0.0
naive   103     152.5898403788589       0.035391916336174244    0.0
naive   104     152.2598474552566       0.034585435899515425    0.0
naive   105     152.43776271715114      0.033693355533692564    0.0
naive   106     151.42091957035012      0.03241405862627643     0.0
naive   107     152.69096167957787      0.0320266523754522      0.0
naive   108     152.2050650071826       0.030542876523366718    0.0
naive   109     151.68405934231748      0.030678928238591086    0.0
naive   110     152.19108020279373      0.029505492953069926    0.0
naive   111     151.7510816698494       0.028703132202882113    0.0
naive   112     151.6537670412488       0.02581044760600581     0.0
naive   113     151.7952784428736       0.024879260444258654    0.0
naive   114     151.46270474417776      0.024488810413454614    0.0
naive   115     151.4101399921439       0.02467048899776513     0.0
naive   116     151.48487743051342      0.023904286610996507    0.0
naive   117     151.78211310765147      0.02349191914744578     0.0
naive   118     151.29012617063034      0.023024586350206887    0.0
naive   119     151.3693583413029       0.02213305646387759     0.0
naive   120     151.8177138036581       0.020537284137085342    0.0
naive   121     150.97180139186327      0.019635661065259664    0.0
naive   122     151.13564372644012      0.01787240023716228     0.0
naive   123     150.97458194073985      0.01619039024533662     0.0
naive   124     150.39287703653213      0.01450159230815229     0.0
naive   125     150.8756310823483       0.012491886565883752    0.0
naive   126     150.98810789092818      0.005995557375567207    0.0
naive   127     150.67161951467352      0.006645899957283244    0.0
naive   128     150.52846746803735      0.005517177066951448    0.0

cassafe 1       3.6155668955802582      0.0     0.0
cassafe 2       7.051942492819361       0.00043933601730267445  3.5e-07
cassafe 3       10.420283614648184      0.003567089120733265    6e-07
cassafe 4       13.951847813244054      0.0032350221569379927   1.075e-06
cassafe 5       17.298451075932523      0.0035810550770180886   8.6e-07
cassafe 6       20.640127170703547      0.0032936594591779153   1.5833333333333333e-06
cassafe 7       24.037140816438658      0.0033159173227296957   1.9e-06
cassafe 8       27.386154578667647      0.0036490218486972146   2.35e-06
cassafe 9       30.95260304322172       0.0038578806813885937   2.5666666666666665e-06
cassafe 10      34.317129951352726      0.003927925367913622    3.01e-06
cassafe 11      37.34493096110513       0.004296922189529636    3.1727272727272726e-06
cassafe 12      41.10820762191275       0.004371873694260085    3.5833333333333335e-06
cassafe 13      44.171868296216545      0.0040807238056376595   4.1e-06
cassafe 14      47.263542186424964      0.004052517501704136    4.2857142857142855e-06
cassafe 15      49.32485562559953       0.06297940996713568     4.4666666666666665e-06
cassafe 16      51.160277114437264      0.07513554928942473     4.55e-06
cassafe 17      54.4082126956726        0.07606080282517082     5.123529411764706e-06
cassafe 18      57.93309728576288       0.07473038377020629     5.733333333333333e-06
cassafe 19      60.05586959285481       0.07918501782013433     6.0842105263157895e-06
cassafe 20      63.317520204778994      0.07784851777869946     6.175e-06
cassafe 21      66.13275786736881       0.07947852088423304     6.623809523809524e-06
cassafe 22      68.9558695115028        0.07742189489623548     7.040909090909091e-06
cassafe 23      71.9508142601563        0.07566998047949215     7.38695652173913e-06
cassafe 24      75.15289504217134       0.07187401834175806     7.8125e-06
cassafe 25      78.02179764244093       0.07151246595402602     8.532e-06
cassafe 26      80.83617610208795       0.06816788732368391     8.5e-06
cassafe 27      83.45481694964357       0.06981555534038848     9.029629629629629e-06
cassafe 28      86.17321145246376       0.06848756957467082     9.635714285714286e-06
cassafe 29      88.52795775012164       0.0652670878326802      9.896551724137932e-06
cassafe 30      91.58221090854029       0.062456924783715825    1.0693333333333333e-05
cassafe 31      94.06744796550463       0.0610436413487149      1.1048387096774194e-05
cassafe 32      95.5647512364133        0.06940924545458821     1.1075e-05
cassafe 33      97.61312514147852       0.06927634534282354     1.1612121212121212e-05
cassafe 34      99.93001182052745       0.06895710694222348     1.2085294117647059e-05
cassafe 35      101.51591099479384      0.07343757054458155     1.2077142857142858e-05
cassafe 36      104.04294925057084      0.06887445036578804     1.3252777777777778e-05
cassafe 37      106.44686702688472      0.0675786699760796      1.3345945945945947e-05
cassafe 38      108.36182421337756      0.06869883103574544     1.3773684210526315e-05
cassafe 39      110.80095746596739      0.06500552489836713     1.4338461538461538e-05
cassafe 40      112.95032597852344      0.06380052344300936     1.47625e-05
cassafe 41      114.84452763229704      0.06421481051167123     1.5214634146341464e-05
cassafe 42      116.41814472612738      0.06403460134242227     1.590714285714286e-05
cassafe 43      118.33832586879196      0.0627334164832802      1.6613953488372094e-05
cassafe 44      119.97779964508139      0.06342508937862178     1.668409090909091e-05
cassafe 45      122.08181360063988      0.06026165357517934     1.7346666666666668e-05
cassafe 46      121.39141710705333      0.057085152687571555    1.848913043478261e-05
cassafe 47      124.86008633173422      0.060229194758280424    1.8627659574468084e-05
cassafe 48      126.35274834529862      0.05994794109315355     1.9672916666666666e-05
cassafe 49      127.37573923685346      0.06150290889000573     1.9622448979591837e-05
cassafe 50      129.31120385529044      0.05796104096765392     2.0714e-05
cassafe 51      130.3710478312578       0.05810431635132984     2.0890196078431373e-05
cassafe 52      131.4350367991369       0.05894215981753343     2.18e-05
cassafe 53      132.87787521834676      0.05573704245613365     2.2547169811320756e-05
cassafe 54      134.0374282051108       0.05558059659430622     2.292962962962963e-05
cassafe 55      134.84350150139653      0.05507870220383519     2.333090909090909e-05
cassafe 56      136.12696245779415      0.05425305381182823     2.3957142857142858e-05
cassafe 57      137.11394127584188      0.053263901675360874    2.4919298245614034e-05
cassafe 58      137.92189360167217      0.05268043120740739     2.5260344827586206e-05
cassafe 59      138.62776158119755      0.051645378430368614    2.6140677966101696e-05
cassafe 60      139.6942878982396       0.05032068899095964     2.7035e-05
cassafe 61      140.19101989072462      0.05119978576611709     2.7906557377049182e-05
cassafe 62      140.98172388703708      0.04942844474469153     2.784677419354839e-05
cassafe 63      141.54616846219412      0.04903429316719953     2.8915873015873016e-05
cassafe 64      142.32672809327485      0.04810311187469632     2.9475e-05
cassafe 65      143.02711807361177      0.047041702063662975    3.0670769230769234e-05
cassafe 66      143.4689018392592       0.046525858956685366    3.128787878787879e-05
cassafe 67      143.99576012840478      0.04556762026752455     3.1868656716417914e-05
cassafe 68      144.34111155972496      0.044878937116786054    3.2613235294117646e-05
cassafe 69      145.07939022446666      0.043955894101039214    3.3456521739130435e-05
cassafe 70      145.51021361282434      0.0436088690939374      3.420285714285714e-05
cassafe 71      145.87924133186908      0.042802389364220914    3.447605633802817e-05
cassafe 72      146.3992428448048       0.042189129833695584    3.58125e-05
cassafe 73      146.56762388132657      0.04128873448794959     3.660958904109589e-05
cassafe 74      147.07508967853903      0.04060934957561338     3.6545945945945946e-05
cassafe 75      147.45185423026606      0.03980838452073096     3.8244e-05
cassafe 76      147.60191581358117      0.03916246212458454     3.909078947368421e-05
cassafe 77      147.83867499683535      0.03838586042250104     3.949220779220779e-05
cassafe 78      148.10449506319932      0.03798303641376243     4.0394871794871793e-05
cassafe 79      148.41346058198653      0.03739627973174511     4.097721518987342e-05
cassafe 80      148.56898734419494      0.03682833100725986     4.20925e-05
cassafe 81      148.73336638549478      0.03622781826247708     4.27320987654321e-05
cassafe 82      148.96684547229796      0.036372273905629166    4.385487804878049e-05
cassafe 83      149.20317889620333      0.03517599363654108     4.426024096385542e-05
cassafe 84      149.37438837025547      0.034532536946366287    4.491547619047619e-05
cassafe 85      149.50877912860918      0.03393371255380742     4.6116470588235294e-05
cassafe 86      149.5682181320366       0.033471170160133464    4.681046511627907e-05
cassafe 87      150.17407008000654      0.033082611357959875    4.783103448275862e-05
cassafe 88      149.74986725072617      0.03242135548701846     4.877954545454545e-05
cassafe 89      150.06614713429303      0.03211045512472581     4.913707865168539e-05
cassafe 90      149.94846965303904      0.031743719671165856    4.9814444444444444e-05
cassafe 91      150.5051894520104       0.0312599260729883      5.1036263736263735e-05
cassafe 92      150.37727649259185      0.030930398322071152    5.146413043478261e-05
cassafe 93      150.26578854228524      0.030369804523153895    5.241935483870968e-05
cassafe 94      150.22465113895072      0.029858582281261047    5.2904255319148934e-05
cassafe 95      150.11832675820887      0.029714347801067686    5.4076842105263155e-05
cassafe 96      150.4013009764757       0.02911997906692162     5.5438541666666666e-05
cassafe 97      150.26183256076303      0.02847219744554068     5.629896907216495e-05
cassafe 98      150.44535286382614      0.028067810216357604    5.7266326530612245e-05
cassafe 99      150.18152818719497      0.02740688060560655     5.805454545454545e-05
cassafe 100     150.26556019222477      0.026943154373802757    5.8732e-05
cassafe 101     149.98709369954136      0.026599599241592057    5.927821782178218e-05
cassafe 102     149.6440039050008       0.02572386796065216     6.0099019607843135e-05
cassafe 103     150.1904594535252       0.025200498784707395    6.098155339805825e-05
cassafe 104     150.3758121084592       0.024608805049647922    6.180961538461538e-05
cassafe 105     150.09744591667388      0.023891313019132557    6.282857142857143e-05
cassafe 106     150.00057364939923      0.023432570129913496    6.364245283018868e-05
cassafe 107     149.99681395971677      0.022995925836968068    6.425981308411215e-05
cassafe 108     150.23353702866288      0.022187706722896498    6.51425925925926e-05
cassafe 109     149.92907185098824      0.02143681593092918     6.61137614678899e-05
cassafe 110     149.9399419280127       0.02097862444986478     6.739545454545454e-05
cassafe 111     149.87978342192477      0.02058706167354812     6.816396396396397e-05
cassafe 112     149.8612678189187       0.018795092979401882    6.877857142857142e-05
cassafe 113     149.9073145696883       0.01781215142081567     6.988672566371681e-05
cassafe 114     149.82256902578285      0.018056860846844894    7.04359649122807e-05
cassafe 115     149.9973580049472       0.017688805757556682    7.151217391304347e-05
cassafe 116     149.55089114965395      0.017695781256611316    7.184482758620689e-05
cassafe 117     149.66909959551853      0.016731285823388415    7.337863247863248e-05
cassafe 118     149.83780337573634      0.016119027106044896    7.376610169491525e-05
cassafe 119     149.4325353025316       0.015461875456185641    7.528487394957983e-05
cassafe 120     149.49341493497832      0.01354429508526971     7.603333333333333e-05
cassafe 121     149.3939976512072       0.013667085184527233    7.63396694214876e-05
cassafe 122     149.38021067674018      0.011478730636024859    7.751803278688525e-05
cassafe 123     149.5134864356837       0.011170294313618684    7.830975609756097e-05
cassafe 124     149.0400533812308       0.008988995878693935    7.903629032258064e-05
cassafe 125     149.0101821981019       0.008453454017149614    8.0716e-05
cassafe 126     148.82831073548016      0.006197764987667111    8.138492063492064e-05
cassafe 127     149.28442972005774      0.004754206602156873    8.18748031496063e-05
cassafe 128     149.2017739697522       0.003937592077872778    8.259296875e-05
