naive   4       17.290113955899187      0.0027661570010111113   0.0
naive   10      43.6266464750913        0.004519759495221227    0.0
naive   11      47.14408533811933       0.005069848319072791    0.0
naive   20      84.36833595606369       0.07407307391905305     0.0
naive   22      92.99470860108057       0.07188869738524602     0.0
naive   24      99.54584111042418       0.08773869126625948     0.0
naive   26      105.79881919440363      0.09859209738201549     0.0
naive   29      116.30465885070775      0.1080459770011578      0.0
naive   30      118.53554080753916      0.10917627317094415     0.0
naive   39      150.43057265111264      0.11181374645547616     0.0
naive   43      165.33281208937845      0.10719199514202547     0.0
naive   44      168.0591734960961       0.10709734206567759     0.0
naive   48      179.0451855961878       0.10514699612544423     0.0
naive   50      186.9383777602732       0.1052939251113528      0.0
naive   51      191.12295804022216      0.10518448348508672     0.0
naive   60      223.03411182212938      0.10593390660894673     0.0
naive   63      231.7537956515783       0.10372691107495544     0.0
naive   68      250.83407075060296      0.10406207480773853     0.0
naive   71      262.3491262233622       0.10345736789048102     0.0
naive   74      265.86721360090434      0.10235701847918739     0.0
naive   78      280.7433343334853       0.10050260612442496     0.0
naive   87      307.1790557795526       0.09612290817975583     0.0
naive   88      309.65758880360056      0.0954291013521149      0.0
naive   89      297.32933803682494      0.09052460668156809     0.0
naive   91      318.79572595062854      0.09501938142759124     0.0
naive   95      329.16317209658 0.0915025494786272      0.0
naive   98      334.75673495764477      0.0869640668014437      0.0
naive   101     341.36176083157 0.082264403352313       0.0
naive   108     355.6080821375646       0.07254751408740766     0.0
naive   110     359.71257027349236      0.06712098278510617     0.0
naive   111     360.8310373685567       0.0647832284468085      0.0
naive   112     363.14865108181687      0.06471186001499254     0.0
naive   113     366.2076550494934       0.06260763128444868     0.0
naive   121     381.3992673997635       0.04165894642791107     0.0
naive   128     395.56246515107716      0.007752275482885337    0.0

cassafe 3       10.387567051745318      0.0005998663832077262   6.666666666666667e-08
cassafe 5       17.35502720990586       0.0019862422000719916   0.0
cassafe 6       20.924537920813528      0.003258377261025915    0.0
cassafe 9       30.73330228384481       0.003531568560061941    2.2222222222222224e-08
cassafe 10      34.37255901123897       0.003276662437884945    2e-08
cassafe 11      38.15078539855307       0.004108140691124212    1.818181818181818e-08
cassafe 12      41.17051902644073       0.0039175460698872575   1.6666666666666667e-08
cassafe 13      44.81961140707377       0.003926825627986364    3.076923076923077e-08
cassafe 20      67.82861492900015       0.056813022317992776    6e-08
cassafe 23      76.76259543593116       0.07115918365388879     6.086956521739131e-08
cassafe 24      80.05734774676927       0.07098544793954861     5.833333333333333e-08
cassafe 26      85.81874010624817       0.07582001114121872     5e-08
cassafe 27      88.04186416002665       0.08163988469223783     4.074074074074074e-08
cassafe 31      100.17149860898168      0.08356805323712041     5.161290322580645e-08
cassafe 47      144.7333847253693       0.08181323846906596     1.0638297872340426e-07
cassafe 48      147.62469652761024      0.0841129248433756      1.0208333333333333e-07
cassafe 51      157.6739521509567       0.08243683472067374     1.196078431372549e-07
cassafe 52      160.71520166696848      0.08258810877216191     1.1153846153846154e-07
cassafe 61      186.52035958197945      0.08177564606898402     1.442622950819672e-07
cassafe 65      198.07192336112067      0.08126561408659032     1.4307692307692308e-07
cassafe 72      219.2286905399268       0.08071739040820879     1.75e-07
cassafe 73      221.42924412162802      0.0803917489506806      1.4520547945205479e-07
cassafe 74      223.60601332593836      0.07991055577012278     2.054054054054054e-07
cassafe 77      232.0270902135376       0.07972448914044582     1.8181818181818183e-07
cassafe 88      259.3389508413943       0.07544856872069333     2.0795454545454546e-07
cassafe 90      265.4171265250488       0.0758763830162784      2.111111111111111e-07
cassafe 93      272.48845416420954      0.0748193765861192      2.3440860215053764e-07
cassafe 100     287.1431650710853       0.06740843123625097     2.53e-07
cassafe 105     298.15722527405865      0.06266243055645804     2.580952380952381e-07
cassafe 109     306.12536079589506      0.055446466012653704    2.504587155963303e-07
cassafe 112     312.54780702627653      0.051987750898587225    2.732142857142857e-07
cassafe 123     334.24185892468347      0.028287590991302302    3.008130081300813e-07
