naive   4       17.722597485916626      0.003461343872080727    0.0
naive   9       36.8431748882742        0.10201044698111503     0.0
naive   10      41.13784650613802       0.09752240161530383     0.0
naive   12      47.95942632532877       0.10804232315488915     0.0
naive   15      60.55202455021283       0.10252253916272737     0.0
naive   18      73.15766311844475       0.10061218648573382     0.0
naive   19      76.6867679467324        0.10200323338140638     0.0
naive   20      81.58460472401782       0.09334640371966621     0.0
naive   34      133.65837601257638      0.09641569358436389     0.0
naive   36      139.37066402378593      0.1029739662436863      0.0
naive   37      143.49579121813093      0.09818542311752769     0.0
naive   39      149.83246838658053      0.10059359776654647     0.0
naive   42      159.06470386953836      0.10204452377487402     0.0
naive   45      170.1615739184272       0.09914785952798755     0.0
naive   54      194.81769042706023      0.10246910592508192     0.0
naive   62      218.31021870719803      0.09935189420921116     0.0
naive   66      227.60214261396644      0.09858058908666095     0.0
naive   69      236.20140161743035      0.09655133823489588     0.0
naive   72      243.9938333947413       0.0954911195399617      0.0
naive   74      248.5869425704513       0.09447966568767982     0.0
naive   75      248.13259270570018      0.09468846598458654     0.0
naive   79      258.9263317827749       0.08979534197059455     0.0
naive   80      260.768876543547        0.08931885042654004     0.0
naive   87      276.2967806332786       0.08541727440212103     0.0
naive   93      287.660548818478        0.07864915099837266     0.0
naive   94      288.84597816806246      0.0768491911625123      0.0
naive   100     300.6273123989821       0.07217146972751858     0.0
naive   103     305.67786271698026      0.06937296212133433     0.0
naive   109     313.47973134937416      0.05838627632969786     0.0
naive   110     313.4624722728195       0.0558881836090858      0.0
naive   111     317.94655975590376      0.057909654317582424    0.0
naive   118     324.69373759895655      0.042114318286716586    0.0
naive   119     326.8947653127696       0.03939225306321054     0.0
naive   122     329.86387485934404      0.02978638804683599     0.0
naive   124     332.0866628093557       0.020241061703990065    0.0
naive   125     332.9929814733638       0.02432624693561462     0.0
naive   126     334.88267829598027      0.019709246500821172    0.0

cassafe 1       3.545312281741712       0.0     0.0
cassafe 12      39.15477884075751       0.08600451497117313     7.75e-07
cassafe 14      45.699415684006816      0.08192901449257955     8.5e-07
cassafe 16      52.739272672278545      0.0802270348841038      1.0375e-06
cassafe 18      59.5955580561165        0.0723367730757854      1.2777777777777779e-06
cassafe 22      73.27649963611556       0.06733465626299398     1.640909090909091e-06
cassafe 25      83.01855133876512       0.06382303195511481     1.916e-06
cassafe 26      86.38897926079196       0.06279322140314718     1.9384615384615383e-06
cassafe 29      96.13728175208082       0.059574410858478824    2.2965517241379312e-06
cassafe 37      118.24276907463587      0.07815939299850445     2.7432432432432434e-06
cassafe 38      120.36752573514383      0.08134658136571435     2.981578947368421e-06
cassafe 40      126.58351327113817      0.07967728641741084     2.85e-06
cassafe 41      128.88929781785282      0.08010085885917902     3.1878048780487805e-06
cassafe 44      137.85065957339575      0.07971708622475894     3.4045454545454546e-06
cassafe 46      144.0585936680107       0.07725838903351047     3.7217391304347826e-06
cassafe 52      157.77256782106764      0.07976622086298187     3.978846153846154e-06
cassafe 54      163.574638535389        0.07901274870682877     4.166666666666667e-06
cassafe 57      171.90293554976412      0.07974789891318933     4.657894736842105e-06
cassafe 59      178.12460023026736      0.07710216524801196     4.744067796610169e-06
cassafe 63      186.9495735766895       0.07722626519034598     5.038095238095238e-06
cassafe 66      193.7163382841199       0.07668148460190245     5.21969696969697e-06
cassafe 79      223.56631874001587      0.07139205131340556     6.3430379746835446e-06
cassafe 83      231.5283504347778       0.06894462585066187     6.781927710843373e-06
cassafe 87      240.0417579420245       0.06767732218048766     7.141379310344828e-06
cassafe 92      249.40759140662252      0.06286751161364773     7.68804347826087e-06
cassafe 99      262.77406713858915      0.058244455532678575    8.377777777777779e-06
cassafe 105     272.9134236486242       0.05204866258948714     9.051428571428571e-06
cassafe 109     279.34384343638345      0.04673036334578947     9.36788990825688e-06
cassafe 111     283.02822262289254      0.04586665677875082     9.562162162162161e-06
cassafe 113     286.2585693152708       0.04289546414095342     9.864601769911505e-06
cassafe 116     290.2694682827442       0.03752808674443288     1.0239655172413793e-05
cassafe 117     291.93144853313817      0.035296542714501916    1.0424786324786324e-05
cassafe 119     295.6784900548693       0.03115104259320043     1.0552100840336134e-05
cassafe 121     298.5134095410346       0.025968286916969445    1.057190082644628e-05
cassafe 125     303.16840906557485      0.019317990083254806    1.10616e-05
