naive   4       17.745429830910457      0.0031230367266093725   0.0
naive   6       26.471559507955476      0.004838591584155074    0.0
naive   10      43.56132284237282       0.005260995988650687    0.0
naive   18      76.43330493505788       0.08145450195371028     0.0
naive   19      80.80124393626954       0.07635058205495492     0.0
naive   33      130.15643584492466      0.11387449801318597     0.0
naive   36      142.94551160854874      0.10746834618201816     0.0
naive   37      146.67737600795698      0.11160004937143417     0.0
naive   39      153.49299652630515      0.1092560649717698      0.0
naive   40      155.86353302124323      0.10966236630312702     0.0
naive   42      162.4356417832207       0.10989474909353149     0.0
naive   44      170.58304244195972      0.10894777629420825     0.0
naive   48      182.9792873403088       0.11144585631477777     0.0
naive   49      185.16001905181687      0.1082076360634928      0.0
naive   52      197.04439097510166      0.11202952650609457     0.0
naive   53      201.04537583396794      0.10740084826172935     0.0
naive   55      209.70809409741534      0.1081903214681537      0.0
naive   56      211.95987802276767      0.10786640200807851     0.0
naive   58      219.6011781485704       0.10736048041880679     0.0
naive   60      225.64048474671262      0.10753256265822839     0.0
naive   61      228.1649010345626       0.10833368576823177     0.0
naive   62      230.7322956870624       0.1059701149217047      0.0
naive   64      236.6916083723531       0.10586841220269548     0.0
naive   68      249.35319565991918      0.10475870424135242     0.0
naive   72      262.8926466365764       0.10449116569530409     0.0
naive   74      267.6169080382047       0.1025511959101037      0.0
naive   75      269.71965468557414      0.10096056171854599     0.0
naive   79      280.7154874184317       0.09699974027627017     0.0
naive   81      288.4360932159862       0.0970732816856962      0.0
naive   83      291.9645614271442       0.09321393119306547     0.0
naive   86      300.84169045597963      0.0922449038801837      0.0
naive   87      302.4314348599909       0.08911360880901487     0.0
naive   90      313.9542817759369       0.09228359668383988     0.0
naive   92      318.3710045021963       0.08917356538413937     0.0
naive   93      321.9538402915757       0.09020877567223584     0.0
naive   100     338.510809907728        0.08118746618210276     0.0
naive   101     342.0635397326602       0.08232870331681053     0.0
naive   102     343.5313359814787       0.07948228516170155     0.0
naive   105     349.8549612395768       0.07352197380010005     0.0
naive   106     351.0472956811009       0.072852950630194       0.0
naive   107     354.5113788460754       0.06854517864643166     0.0
naive   110     359.2606882964482       0.06444066613743853     0.0
naive   111     361.47306001661224      0.06192628859571448     0.0
naive   115     370.6914525463142       0.05969453187845131     0.0
naive   117     374.3454154471556       0.05476768592965154     0.0
naive   118     376.5650980125066       0.051978660821751246    0.0
naive   127     397.27257365621693      0.014629550997107624    0.0

cassafe 1       3.5444125526079433      0.0     0.0
cassafe 2       6.910611243564494       0.0024183684046854633   0.0
cassafe 6       20.987929841548127      0.004269979568606791    1e-07
cassafe 10      34.32403599314522       0.00391029395755027     1.9e-07
cassafe 11      37.780700456684364      0.004539878777318053    2.090909090909091e-07
cassafe 12      41.35699776916333       0.0046799406082417335   2.25e-07
cassafe 17      57.09665147303039       0.05918821810622418     2.882352941176471e-07
cassafe 18      60.965096673050006      0.05959831571797782     3.6666666666666667e-07
cassafe 19      64.77202454274808       0.058300066582581314    3.5789473684210524e-07
cassafe 20      68.13104352163369       0.056401898773148926    3.9e-07
cassafe 24      79.28128432597447       0.0812200310252934      4.541666666666667e-07
cassafe 25      81.61251069385048       0.08163342351897053     4.8e-07
cassafe 32      103.12876353265403      0.08301859032285085     5.90625e-07
cassafe 33      106.3733219303216       0.08293378035559176     6.272727272727273e-07
cassafe 34      109.37768195897546      0.08566821895429393     5.764705882352941e-07
cassafe 37      119.26723915812666      0.08379499086170937     6.918918918918919e-07
cassafe 38      121.60600605663599      0.08619771882407924     5.973684210526316e-07
cassafe 40      127.09437530258886      0.08644338492338115     6.825e-07
cassafe 42      133.01179165367748      0.08315869821033303     7.238095238095238e-07
cassafe 45      141.7957791926997       0.08260314597011516     9e-07
cassafe 46      145.00837022440615      0.08240935099214776     8.41304347826087e-07
cassafe 49      152.80604564104655      0.08248306017416095     9.142857142857143e-07
cassafe 51      158.89432131122157      0.08441758832256283     8.84313725490196e-07
cassafe 52      162.44509082584983      0.08240493966370473     9.5e-07
cassafe 56      174.24895878884885      0.08107295490116322     1.075e-06
cassafe 59      184.10506277763153      0.08172205486469869     1.111864406779661e-06
cassafe 60      186.4097032381343       0.08188504585973296     1.1466666666666668e-06
cassafe 61      188.50420218471353      0.0815581782225314      1.1081967213114755e-06
cassafe 63      193.76734187807443      0.08008847668365787     1.1428571428571428e-06
cassafe 65      199.57932080289802      0.08089400731232434     1.2723076923076924e-06
cassafe 69      210.08764626260233      0.08025547928369181     1.3202898550724637e-06
cassafe 70      212.33441977778122      0.07979394432746922     1.2228571428571429e-06
cassafe 74      222.74240464873975      0.07821352005033631     1.3554054054054054e-06
cassafe 75      225.2758710294557       0.07802581032089291     1.3906666666666667e-06
cassafe 77      229.2629806899668       0.07427912144727714     1.3597402597402597e-06
cassafe 79      234.93758524110422      0.07497518349621012     1.4886075949367088e-06
cassafe 88      257.9455945109178       0.07068463197547584     1.5636363636363636e-06
cassafe 93      271.2960123871332       0.06981393525047475     1.7795698924731182e-06
cassafe 96      277.07511773114464      0.06559935499612413     1.7458333333333333e-06
cassafe 97      280.64062466826977      0.06726646400196473     1.843298969072165e-06
cassafe 102     292.1300977186408       0.062437004656706506    1.8872549019607843e-06
cassafe 103     293.9926782050447       0.06033570861085119     1.9e-06
cassafe 105     298.47458855981847      0.0582530131411468      1.98e-06
cassafe 112     312.9875217608854       0.0481932329804037      2.0526785714285713e-06
cassafe 113     315.3891971604845       0.04842569487928123     2.1115044247787612e-06
cassafe 114     317.36569786847593      0.04630567042969848     2.0912280701754387e-06
cassafe 119     328.27366279713596      0.038521171397206344    2.2369747899159665e-06
cassafe 120     328.8361766324615       0.03412327561589889     2.150833333333333e-06
cassafe 121     330.8350560173731       0.03348835339167122     2.331404958677686e-06
cassafe 122     332.84942921186814      0.030646943113314423    2.269672131147541e-06
cassafe 125     338.865177411069        0.021532129908594263    2.3896e-06
cassafe 127     341.5708588185417       0.01145810624957651     2.3763779527559056e-06
