naive   1       4.419340625539988       0.0     0.0
naive   6       23.477195719402907      0.11554101084313076     0.0
naive   7       27.725925267880537      0.11052585940377979     0.0
naive   8       32.46135703688675       0.10995291904480349     0.0
naive   9       36.694544554108276      0.10540944886613508     0.0
naive   10      40.564556402439834      0.10217757227335086     0.0
naive   12      48.72889987875979       0.09576396236955681     0.0
naive   15      60.910212985959944      0.08495897119374572     0.0
naive   17      69.21874171440884       0.08023097898862265     0.0
naive   18      73.27928865170927       0.07733902730000106     0.0
naive   19      77.29285066396059       0.07546581137588662     0.0
naive   20      81.5479014921737        0.07600181603136645     0.0
naive   21      85.44839422703673       0.07317552775791474     0.0
naive   25      100.88901136904548      0.0662424181635706      0.0
naive   28      112.32095552582996      0.06365317522263346     0.0
naive   29      114.20005125015854      0.08302603061489101     0.0
naive   30      117.39793733128528      0.08149404994010317     0.0
naive   31      121.01339564142238      0.078559491682842       0.0
naive   32      124.86694323637776      0.07677846840765239     0.0
naive   34      131.96514097421624      0.07338693358310025     0.0
naive   36      138.4871970616607       0.07165820996339049     0.0
naive   38      142.43756783354897      0.09210836518225728     0.0
naive   42      155.27582219098002      0.08646394546550654     0.0
naive   43      157.49883737066997      0.08883614911505884     0.0
naive   47      168.63291835181897      0.08952358274541979     0.0
naive   48      171.54970543262627      0.09039341141641012     0.0
naive   51      177.03058694460475      0.09491160686264133     0.0
naive   52      180.00509286598543      0.09440555235589604     0.0
naive   56      189.67606141190709      0.09483118921619117     0.0
naive   59      197.43870106865214      0.09143769089447548     0.0
naive   60      200.0649021657342       0.09075841440348942     0.0
naive   64      207.5363701535197       0.0883875764471619      0.0
naive   65      208.87419390134022      0.08752559115086872     0.0
naive   66      210.93123525515125      0.08735857510393091     0.0
naive   68      213.97174802923874      0.08736590334123967     0.0
naive   69      215.19982343218354      0.086339710233902       0.0
naive   70      216.48812721453825      0.0857950527377114      0.0
naive   74      223.65665993986724      0.08356365597235245     0.0
naive   75      225.6380810267833       0.08306879496405013     0.0
naive   79      231.4213187298929       0.07998504468362919     0.0
naive   80      232.68498667311277      0.0792258128183614      0.0
naive   81      234.5225064933352       0.07898567621932037     0.0
naive   82      236.01234027235702      0.07819852432053717     0.0
naive   84      239.07457970817643      0.07660781461720172     0.0
naive   85      240.697726641121        0.07674817229217622     0.0
naive   86      241.44418014750954      0.07554440278153401     0.0
naive   87      243.25653921399538      0.07525202957302927     0.0
naive   89      246.27761995268463      0.07367937080222112     0.0
naive   90      246.25133343196967      0.07284323723647038     0.0
naive   91      246.84401461704078      0.07170330856271542     0.0
naive   92      248.4192760667243       0.07126306684255573     0.0
naive   96      251.87489236352224      0.06765061636158207     0.0
naive   97      252.18507012387943      0.06598679491405936     0.0
naive   98      252.81966316565666      0.06487174167372589     0.0
naive   100     254.57733484851653      0.0637019931688999      0.0
naive   103     255.9533132664231       0.0600564523780386      0.0
naive   104     257.26483143110806      0.05966994499136361     0.0
naive   107     259.1922870605585       0.056070634352440314    0.0
naive   112     259.6697230073214       0.046715489662030464    0.0
naive   114     260.5186828750315       0.04595832816820008     0.0
naive   116     261.07573497606876      0.04246643574310602     0.0
naive   117     260.64001008424947      0.04002378621699942     0.0
naive   119     260.61404674045656      0.03627796747333027     0.0
naive   127     261.0787202618142       0.010724336327997993    0.0
naive   128     259.4386049451627       0.005703084224839131    0.0

cassafe 2       7.0944527055404825      0.0022077936819641223   0.0
cassafe 3       10.58560383754015       0.0034067389022044664   2.6666666666666667e-07
cassafe 7       22.92221682536559       0.0893015624533249      8.714285714285715e-07
cassafe 14      46.35150951021826       0.06740636639913489     2.05e-06
cassafe 15      50.377929630540585      0.06742235736427049     2.0733333333333335e-06
cassafe 16      53.54559476417788       0.06550550143815537     2.2625e-06
cassafe 18      59.908524121335184      0.06009983469722071     2.5944444444444445e-06
cassafe 19      63.57705653726241       0.05883961795565632     3.1473684210526315e-06
cassafe 21      70.32411940129712       0.056513529156083465    3.2285714285714288e-06
cassafe 23      76.63153832525755       0.05496116938066683     3.5434782608695652e-06
cassafe 24      80.02251411206065       0.05230003532405552     3.945833333333333e-06
cassafe 26      86.41661133851647       0.049646943911802216    4.130769230769231e-06
cassafe 27      89.36749438701034       0.048786887952347126    4.477777777777778e-06
cassafe 30      97.72440259118208       0.06164590925679146     4.783333333333333e-06
cassafe 31      100.88979762262481      0.06073710973288649     4.687096774193549e-06
cassafe 42      131.01049351719746      0.0686539418248994      6.995238095238095e-06
cassafe 45      138.810025182195        0.06928547072220664     7.515555555555556e-06
cassafe 48      146.13110386655734      0.07118167158285876     8.120833333333334e-06
cassafe 49      147.8019022369519       0.07532638694180879     8.448979591836734e-06
cassafe 52      154.49177140773594      0.07608497142452501     8.625e-06
cassafe 53      157.05094356335485      0.07548299630180595     8.943396226415094e-06
cassafe 61      175.69302778202075      0.0725930374653122      1.0570491803278688e-05
cassafe 64      181.6995359249238       0.07297146376935598     1.09640625e-05
cassafe 70      192.16881866003152      0.0713151501706643      1.247e-05
cassafe 71      193.8785775582981       0.07059047467859557     1.2540845070422534e-05
cassafe 78      206.56201693020176      0.0673618108422936      1.4237179487179488e-05
cassafe 80      210.00620640529564      0.06652601212520055     1.463375e-05
cassafe 82      207.26779402796876      0.06341441924389188     1.543658536585366e-05
cassafe 83      214.49997940625835      0.06454232257674143     1.546144578313253e-05
cassafe 85      218.08487725176448      0.06399868105064294     1.612235294117647e-05
cassafe 86      219.71158594387938      0.06335769803746094     1.6156976744186047e-05
cassafe 88      222.82346512592218      0.062375834769535454    1.7072727272727273e-05
cassafe 92      227.60470723428895      0.059096450662511894    1.7938043478260868e-05
cassafe 99      235.79854314609193      0.05322530614348402     1.9873737373737374e-05
cassafe 104     241.07561842727645      0.04936964296921316     2.0991346153846153e-05
cassafe 106     242.98687038741244      0.047582088291124376    2.160754716981132e-05
cassafe 109     245.4471886121413       0.04390189942772963     2.264770642201835e-05
cassafe 111     247.25795275123082      0.04100563304121997     2.3118018018018018e-05
cassafe 112     247.53170301160478      0.03941001181726051     2.369375e-05
cassafe 115     249.7143103072677       0.03560159118615634     2.461391304347826e-05
cassafe 116     250.39382505008751      0.034250481221464596    2.4686206896551724e-05
cassafe 117     250.64215264714983      0.03242291749548915     2.5464957264957266e-05
cassafe 123     253.76406421574364      0.021647037247666732    2.7465853658536585e-05
cassafe 124     253.8570789664446       0.01940010871071852     2.7961290322580645e-05
cassafe 125     253.96437577905093      0.016398941147749493    2.82376e-05
cassafe 128     255.19717083407173      0.004821953219485667    2.9140625e-05
