naive   1       4.3238213587262715      0.0     0.0
naive   2       8.305077038932748       0.0002829955001017262   0.0
naive   3       12.50885522709618       0.001411719866747769    0.0
naive   4       16.599702429584323      0.0012489056627368416   0.0
naive   5       20.252967667352298      0.0018099654486379278   0.0
naive   6       24.35075476517214       0.0017149707832104367   0.0
naive   7       28.276732260029373      0.0018024236012540377   0.0
naive   8       31.54911425615249       0.003586060839339632    0.0
naive   9       33.831508562003 0.09463243793690093     0.0
naive   10      37.4970508569501        0.08732586627597143     0.0
naive   11      40.53780195260207       0.08436787595698313     0.0
naive   12      43.973854978074 0.0778736879990628      0.0
naive   13      47.48423333797218       0.07634140989889786     0.0
naive   14      50.48376323692  0.07164115613259903     0.0
naive   15      53.010374342300274      0.06617974233392748     0.0
naive   16      56.05039981888714       0.06368733501557519     0.0
naive   17      57.33562159997532       0.0815518576872035      0.0
naive   18      59.95041767400483       0.07525049439485397     0.0
naive   19      62.14012946904581       0.07397418660194435     0.0
naive   20      64.07210315685495       0.06757127670808757     0.0
naive   21      66.01610218059119       0.06651905513437788     0.0
naive   22      67.68171621366834       0.06310559391012724     0.0
naive   23      69.16172718143474       0.05961158459941255     0.0
naive   24      70.62842338635113       0.05549864321620702     0.0
naive   25      70.96516887581237       0.0536581585629522      0.0
naive   26      71.38972422434668       0.04865791763785495     0.0
naive   27      72.33897292530857       0.04744772587526066     0.0
naive   28      74.16183645139398       0.04849488033966998     0.0
naive   29      75.05480473283282       0.044635028883445414    0.0
naive   30      75.94462583677685       0.04076622663152851     0.0
naive   31      76.49918339310832       0.0389162468017893      0.0
naive   32      77.03863255704975       0.03819752175960814     0.0
naive   33      77.55209635066754       0.042733125652099135    0.0
naive   34      78.13598523262321       0.0438015528827955      0.0
naive   35      78.52863417473593       0.04193221250700497     0.0
naive   36      78.94976490423072       0.03981615784827011     0.0
naive   37      79.40397531681317       0.038320553658736274    0.0
naive   38      79.74949116345263       0.037226548222457856    0.0
naive   39      80.0595786435426        0.03482578530362906     0.0
naive   40      80.19813189078012       0.03304651949668354     0.0
naive   41      80.61222979215765       0.031928379296405185    0.0
naive   42      80.76686360488125       0.03163724085664196     0.0
naive   43      81.10512074177225       0.03368963926299263     0.0
naive   44      81.45203842077507       0.030885905287325516    0.0
naive   45      81.44842374494495       0.029972480190688648    0.0
naive   46      81.53470164104114       0.027501506361547107    0.0
naive   47      81.07783679706796       0.02888458413884956     0.0
naive   48      81.02091016766497       0.030372313161097       0.0
naive   49      81.23700717519691       0.029549608910786722    0.0
naive   50      80.65602487633126       0.027815162839474803    0.0
naive   51      81.67218822155542       0.027250115659599863    0.0
naive   52      81.83766451455098       0.027739470858794996    0.0
naive   53      82.81551622313506       0.029298490168920784    0.0
naive   54      82.90750807976457       0.02915718796525832     0.0
naive   55      82.97032149131715       0.027157197223318368    0.0
naive   56      83.09325164277492       0.027843208672198704    0.0
naive   57      83.04272808811164       0.027205577834192064    0.0
naive   58      83.27388393266254       0.028136299483607023    0.0
naive   59      83.28881353639946       0.02751434183237909     0.0
naive   60      83.24511336096396       0.02639384493730307     0.0
naive   61      83.4684538280284        0.0261913374606691      0.0
naive   62      83.5861880756379        0.0270047674145773      0.0
naive   63      83.70113345569585       0.02747630068657379     0.0
naive   64      83.70463556414803       0.028028054720046755    0.0
naive   65      83.58756714450782       0.027130849299233272    0.0
naive   66      83.59997153378747       0.02737453823397755     0.0
naive   67      83.5948587035247        0.02583681663083825     0.0
naive   68      83.5618930617252        0.025006153538989696    0.0
naive   69      83.49086146838872       0.024913073387286946    0.0
naive   70      83.47284413820903       0.025151743039408075    0.0
naive   71      83.72345929801547       0.024835287711690537    0.0
naive   72      83.62947764407174       0.024976384874852948    0.0
naive   73      83.65610424495624       0.02468522564777994     0.0
naive   74      83.8187943098696        0.02511170816741275     0.0
naive   75      83.89449165636168       0.02536320774415023     0.0
naive   76      82.78950463861668       0.02487146620789823     0.0
naive   77      83.67536184361643       0.02465945497289969     0.0
naive   78      83.60898922075093       0.024781584004144368    0.0
naive   79      83.77600841517591       0.024728104111306822    0.0
naive   80      83.78178000169939       0.025176397676904053    0.0
naive   81      83.21229174787533       0.023852932200917075    0.0
naive   82      83.76858905844588       0.023874265102706314    0.0
naive   83      82.56176078116555       0.02481802563184551     0.0
naive   84      82.06421106518721       0.024117398859622306    0.0
naive   85      81.86984535272333       0.023741913791588923    0.0
naive   86      81.99827698958542       0.02414281100441303     0.0
naive   87      82.0659946864345        0.023974344731526438    0.0
naive   88      82.347886259279 0.024015353679931933    0.0
naive   89      81.80379505888658       0.023595150109496903    0.0
naive   90      80.7493230933781        0.023631311645741646    0.0
naive   91      81.7938766336334        0.023816496711237433    0.0
naive   92      82.38206687390365       0.024118669522561663    0.0
naive   93      82.40096492263521       0.024505616539028913    0.0
naive   94      82.90078290848257       0.02467056943342107     0.0
naive   95      82.98190656808491       0.024753969368325898    0.0
naive   96      82.92297542687217       0.024178562114282383    0.0
naive   97      83.12132683398116       0.02435079354246011     0.0
naive   98      82.81775715226621       0.023932728510934406    0.0
naive   99      82.93773657722802       0.023560833147898953    0.0
naive   100     82.91560087402429       0.023610692976389656    0.0
naive   101     82.7718932690215        0.022968272193241678    0.0
naive   102     82.76951724409373       0.023104563808264332    0.0
naive   103     82.90354499262438       0.022696484322452026    0.0
naive   104     82.59267654478795       0.021895009455698975    0.0
naive   105     82.75342007106225       0.021577877329281802    0.0
naive   106     82.65148980524108       0.02088639779051251     0.0
naive   107     82.0882419921796        0.019011557179342164    0.0
naive   108     81.90730496366528       0.01859139195244265     0.0
naive   109     82.53965531107865       0.017953116517390375    0.0
naive   110     82.4553506337702        0.01757272424508345     0.0
naive   111     82.58100763031821       0.017392039348389385    0.0
naive   112     82.46213626833571       0.01692957409838857     0.0
naive   113     82.34899615754644       0.016710145341448025    0.0
naive   114     82.27095486989927       0.01624987708309035     0.0
naive   115     82.38082171928872       0.01612721901798347     0.0
naive   116     82.3907683906705        0.016252754004359802    0.0
naive   117     82.35302348242772       0.015568348396640137    0.0
naive   118     82.1463817833529        0.01480603918995023     0.0
naive   119     81.76601440181112       0.013997389768591894    0.0
naive   120     81.41040496322606       0.01235649534421827     0.0
naive   121     81.57797835298338       0.011566300219799217    0.0
naive   122     80.89971888586948       0.011417784247382753    0.0
naive   123     80.74651870316417       0.010825889505312304    0.0
naive   124     80.53562619182944       0.009318159594601335    0.0
naive   125     80.73168002551213       0.0078558716355188      0.0
naive   126     80.67921811157663       0.006655665700681506    0.0
naive   127     80.43377792312408       0.004324631171028106    0.0
naive   128     80.47820898402315       0.004261247456684698    0.0

cassafe 1       3.7422502674773384      0.0     0.0
cassafe 2       7.127747590776765       0.0006292019185758497   5.5e-07
cassafe 3       10.579112365454263      0.0010625976037716414   1.0333333333333333e-06
cassafe 4       14.00776029920576       0.0013338837109984516   1.725e-06
cassafe 5       17.461229435386258      0.0013915787970213752   2.14e-06
cassafe 6       20.952400685329746      0.0015949344999309119   3.0333333333333332e-06
cassafe 7       24.177688444234338      0.0013648758375813532   3.585714285714286e-06
cassafe 8       27.307895886086822      0.0031679090195583905   4.7125e-06
cassafe 9       29.283352844120337      0.07947408017092242     5.022222222222222e-06
cassafe 10      32.642718945243246      0.07763372795547457     5.49e-06
cassafe 11      35.529286982119174      0.07180671152227705     6.454545454545454e-06
cassafe 12      38.514388761672535      0.06788608048561752     7.066666666666667e-06
cassafe 13      41.567496008721 0.06405689162220711     8.33076923076923e-06
cassafe 14      44.52215225808292       0.06365527304454756     8.992857142857144e-06
cassafe 15      47.18040762488228       0.058124233308577106    1.0206666666666667e-05
cassafe 16      49.86375508045439       0.056690524427319644    1.065625e-05
cassafe 17      51.820400461599625      0.07320297919558184     1.1735294117647058e-05
cassafe 18      54.08881563823851       0.06885204081244478     1.2161111111111112e-05
cassafe 19      56.35704677584927       0.06712047849629867     1.3363157894736842e-05
cassafe 20      58.65170578955387       0.06435676660953554     1.438e-05
cassafe 21      60.856693333766096      0.05829436227149708     1.5804761904761903e-05
cassafe 22      62.75695097739477       0.055439810970862737    1.7536363636363635e-05
cassafe 23      64.53717888056568       0.05556555157612223     1.8156521739130435e-05
cassafe 24      66.2309010663497        0.050503650494854835    1.9366666666666665e-05
cassafe 25      67.69209467674133       0.04973237137434025     2.0936e-05
cassafe 26      68.9225064191476        0.0469463197324158      2.198076923076923e-05
cassafe 27      70.21255207996789       0.04499578694639533     2.371111111111111e-05
cassafe 28      71.4267577772055        0.0417600605373623      2.5182142857142857e-05
cassafe 29      72.49595272594954       0.04062384189678117     2.6775862068965516e-05
cassafe 30      73.35004095132786       0.03640487256279732     2.8423333333333333e-05
cassafe 31      74.14621139092584       0.034434410454013666    2.9848387096774193e-05
cassafe 32      74.80358051721167       0.03272996584833609     3.14625e-05
cassafe 33      74.6429077126193        0.03806844711067953     3.2236363636363636e-05
cassafe 34      74.74108533948115       0.03904590371492019     3.325588235294118e-05
cassafe 35      75.2246738403986        0.037146013927555115    3.475142857142857e-05
cassafe 36      75.63201843684514       0.03591508357728627     3.626388888888889e-05
cassafe 37      77.09338933252971       0.036530659439401765    3.670540540540541e-05
cassafe 38      77.66842612007457       0.03360616665662003     3.8052631578947365e-05
cassafe 39      78.12475682321131       0.03219538239305812     4.025384615384616e-05
cassafe 40      78.44693195961248       0.03073305157063724     4.2055e-05
cassafe 41      78.73685512560111       0.029331612653768723    4.3270731707317075e-05
cassafe 42      79.00675431609106       0.027886317700435186    4.599761904761905e-05
cassafe 43      79.3436718924523        0.029380240687338865    4.681162790697674e-05
cassafe 44      79.64403067578701       0.028165182869983443    4.895e-05
cassafe 45      79.66625715850004       0.02663534016473812     5.054666666666667e-05
cassafe 46      80.13612871125663       0.024461294320667435    5.378260869565217e-05
cassafe 47      80.40920034571808       0.025706367813934965    5.457872340425532e-05
cassafe 48      80.58338904103123       0.025657646619547846    5.5670833333333336e-05
cassafe 49      80.70692001334135       0.02469903302014341     5.7920408163265306e-05
cassafe 50      80.95410828175423       0.024635415951171413    5.9444e-05
cassafe 51      81.04355331031849       0.02257641711965311     6.23235294117647e-05
cassafe 52      81.19706649052107       0.022602728148431842    6.418653846153846e-05
cassafe 53      81.32769344357183       0.023720110145968712    6.517169811320755e-05
cassafe 54      81.52990930734234       0.023029433142480498    6.718518518518518e-05
cassafe 55      81.56170502530732       0.021449866768731857    6.864e-05
cassafe 56      81.50706670296886       0.02171990960082887     6.988928571428572e-05
cassafe 57      81.69341205215643       0.020933417335385045    7.222456140350877e-05
cassafe 58      81.79512999917142       0.02138667951458085     7.413793103448276e-05
cassafe 59      81.9054541319551        0.02060545587504719     7.544915254237289e-05
cassafe 60      81.84790246572875       0.020053503093420636    7.798666666666666e-05
cassafe 61      81.27647746165275       0.020144932040510922    7.86688524590164e-05
cassafe 62      80.96860543640278       0.02067300771688158     8.048548387096775e-05
cassafe 63      80.77933147338703       0.02053275145395118     8.11873015873016e-05
cassafe 64      80.84946400052375       0.02067676887497956     8.29640625e-05
cassafe 65      79.63575266435782       0.019389095624984476    8.497076923076923e-05
cassafe 66      80.85323880923984       0.020016726912848972    8.607424242424243e-05
cassafe 67      80.87246650919649       0.01950719930925999     8.774029850746268e-05
cassafe 68      81.23843353747418       0.019344688647748586    8.910882352941177e-05
cassafe 69      82.1027481938529        0.019308749747153218    9.092898550724637e-05
cassafe 70      82.00778460736377       0.01933684516354288     9.277e-05
cassafe 71      82.3565207641039        0.018946647794793776    9.509014084507043e-05
cassafe 72      82.37655994055541       0.01929948106249492     9.639722222222222e-05
cassafe 73      82.4491540870735        0.01897302683976122     9.714383561643835e-05
cassafe 74      81.82232347902435       0.018055906920712256    0.00010106621621621622
cassafe 75      81.57450554023151       0.01833719100293771     0.000102556
cassafe 76      81.99267118104744       0.018341252169489352    0.000104
cassafe 77      82.42669105436441       0.01803719473744983     0.00010627272727272727
cassafe 78      82.3686467434077        0.01862456990827367     0.00010862307692307692
cassafe 79      82.55046127427971       0.018012229246622758    0.00010994430379746836
cassafe 80      82.45056582924677       0.018146399362202168    0.0001110575
cassafe 81      82.43903814065659       0.017856364778377234    0.00011310617283950617
cassafe 82      82.41788763709036       0.018268102091097138    0.00011545975609756098
cassafe 83      82.45870351663496       0.01798106315640526     0.00011723975903614457
cassafe 84      82.40226626132086       0.01772941402639721     0.0001184345238095238
cassafe 85      82.34323851831383       0.01723710339602595     0.00012061647058823529
cassafe 86      82.53683198036371       0.01792704202905852     0.00012184302325581395
cassafe 87      82.20596131565361       0.017561509628836628    0.00012434597701149427
cassafe 88      82.36747278377779       0.017454119206437847    0.0001256909090909091
cassafe 89      82.3294653351256        0.017288463319616185    0.00012744269662921348
cassafe 90      82.37996365914694       0.017455920187741118    0.00012941333333333334
cassafe 91      82.18510677342486       0.017000479070829556    0.00013100219780219782
cassafe 92      82.02828614031722       0.017491174894000167    0.00013211847826086957
cassafe 93      82.31037990334433       0.01712701825022983     0.00013379784946236558
cassafe 94      82.23511100508694       0.017167847832358852    0.00013676063829787233
cassafe 95      82.28085933600704       0.017245728878760132    0.00013696526315789474
cassafe 96      82.17866717986485       0.01699066061038631     0.00013995833333333332
cassafe 97      82.14838715755205       0.017107596531061177    0.00014088969072164947
cassafe 98      82.17457457536528       0.016916683385191176    0.00014319591836734695
cassafe 99      81.8634347549486        0.016408630322192534    0.00014498484848484848
cassafe 100     81.61557361997664       0.016135902216881066    0.000146507
cassafe 101     81.55566462085577       0.015927242922529377    0.00014912376237623764
cassafe 102     81.0668752351243        0.01566247387519123     0.0001494735294117647
cassafe 103     81.03453324634748       0.015312079333764163    0.00015191844660194175
cassafe 104     81.62417467165864       0.015106534487901845    0.00015298557692307692
cassafe 105     80.99974702952474       0.01471199161341517     0.00015526761904761905
cassafe 106     81.91143389925018       0.014085960698452244    0.00015752641509433963
cassafe 107     80.44712530513661       0.014244745515404866    0.000159003738317757
cassafe 108     81.8168975178643        0.013701116580681185    0.0001615898148148148
cassafe 109     81.86648885971798       0.01302574968215167     0.0001628
cassafe 110     81.79516328881002       0.012809664149196947    0.00016488636363636364
cassafe 111     81.9419054980863        0.012251227862018972    0.00016749459459459458
cassafe 112     81.6370057527341        0.012519558554727951    0.00016795714285714285
cassafe 113     81.8266896116078        0.012007010855257492    0.00017029380530973452
cassafe 114     81.51821695045994       0.01190848654072447     0.00017226403508771929
cassafe 115     81.54387408335938       0.011761446961247587    0.00017393478260869564
cassafe 116     81.54915274669568       0.011455774945504628    0.00017588534482758622
cassafe 117     81.61083104180474       0.01140533306902953     0.000176791452991453
cassafe 118     81.74605271111  0.011516649093690386    0.00017907627118644067
cassafe 119     81.49624345192272       0.010387374828947204    0.00018154873949579833
cassafe 120     81.54004621873285       0.010093596104264666    0.00018332166666666666
cassafe 121     81.47107833867258       0.009210865642568506    0.00018506446280991735
cassafe 122     81.50324778587111       0.008335035666824503    0.00018703934426229509
cassafe 123     81.63344124814903       0.008461065567598415    0.0001878869918699187
cassafe 124     81.50673576493487       0.0066471301170318055   0.00018999516129032258
cassafe 125     81.43483333504534       0.005739006020957383    0.0001921592
cassafe 126     81.36210653836713       0.004415300029315212    0.00019405079365079366
cassafe 127     81.36787722539485       0.0039184289098486      0.00019597322834645668
cassafe 128     81.45937339192751       0.004678680086181618    0.0001973671875
