naive   6       24.027601306540866      0.11178457099409318     0.0
naive   15      60.724953932025784      0.10481129482921524     0.0
naive   17      68.10770151283701       0.10658514412574453     0.0
naive   32      129.15284085925688      0.0961694429263251      0.0
naive   36      145.96247192221517      0.09387046625931819     0.0
naive   40      158.62935040745634      0.10168610108179323     0.0
naive   55      204.35422029599772      0.10285479263417342     0.0
naive   59      218.44017898665723      0.1038615314560103      0.0
naive   66      240.92799756726882      0.10179308429415374     0.0
naive   68      245.57043563929741      0.09978664963471712     0.0
naive   69      248.13268816541233      0.09788882425766812     0.0
naive   78      278.7976861698357       0.09751640098826381     0.0
naive   79      282.13496578194713      0.09703006559109698     0.0
naive   89      308.2482759490246       0.08747017088072312     0.0
naive   95      323.50410875668297      0.08187194196091538     0.0
naive   97      329.18312907390145      0.07957518886576172     0.0
naive   104     346.88686644694644      0.07497771786873676     0.0
naive   113     365.7075851353239       0.05684578983896817     0.0
naive   119     379.1609094371879       0.046119707299902654    0.0
naive   121     384.0933997619472       0.04211331223641513     0.0

cassafe 5       16.077773205259078      0.08888717048304291     0.0
cassafe 13      42.404468879009 0.08443303739442823     8.461538461538461e-08
cassafe 17      54.997062604983256      0.08188940225995277     4.705882352941176e-08
cassafe 18      58.2009410122146        0.08029035080023997     6.666666666666667e-08
cassafe 20      65.25466129135744       0.08247872141660989     7.5e-08
cassafe 39      125.55870839168284      0.0816742536724616      1.5897435897435897e-07
cassafe 49      153.30828944625483      0.08126648230649076     2.1428571428571428e-07
cassafe 54      165.8126075866376       0.08003992765734655     2.462962962962963e-07
cassafe 64      194.410825463049        0.07909584045110589     3.09375e-07
cassafe 77      229.76099028699653      0.0765996417950484      4.051948051948052e-07
cassafe 82      243.11696603100623      0.07540834933726331     3.9878048780487807e-07
cassafe 86      252.5670015673462       0.07335531291185313     4.104651162790698e-07
cassafe 90      262.05973927404773      0.06900634596349713     3.9555555555555557e-07
cassafe 94      271.0267588344547       0.06649883294663415     4.0319148936170213e-07
cassafe 102     282.72152764321964      0.059465022071747774    5.009803921568627e-07
cassafe 122     332.5072629290682       0.03159268447257774     5.60655737704918e-07
