naive   1       4.493976049804039       0.0     0.0
naive   4       17.373324845016366      0.002505224150085247    0.0
naive   6       26.418508807270378      0.005621141500605196    0.0
naive   9       38.91713691140052       0.004509340072714577    0.0
naive   14      58.26740272665879       0.09118281308454991     0.0
naive   15      62.83917970907806       0.08848586789954493     0.0
naive   18      74.12368305207283       0.1021809458119731      0.0
naive   29      115.52365216281633      0.11053396250694957     0.0
naive   31      123.83813476934367      0.10966059330854691     0.0
naive   33      130.03025752749218      0.1145203186968241      0.0
naive   36      138.9553629591814       0.11709061673995655     0.0
naive   40      151.77639231860056      0.1165375096314495      0.0
naive   43      162.83732833596818      0.11207153359881732     0.0
naive   45      170.89647395423805      0.11216301990170599     0.0
naive   46      175.240296807704        0.11207460853867296     0.0
naive   49      185.24613092508324      0.11355863085693253     0.0
naive   55      207.14913931347317      0.11425451100696703     0.0
naive   59      222.0695061095079       0.10989796434440478     0.0
naive   61      227.44997888401096      0.11111678730246069     0.0
naive   62      231.74384785796937      0.10889696914014596     0.0
naive   71      256.7793348270138       0.10287645498419673     0.0
naive   73      263.16551281585436      0.10200136980592049     0.0
naive   75      264.2553276410904       0.10070911386195137     0.0
naive   79      278.17027128122254      0.09493546703627756     0.0
naive   80      280.74324158788954      0.0925948390118785      0.0
naive   86      297.4084177905952       0.08706668581712423     0.0
naive   87      299.4766292774969       0.08496502997094824     0.0
naive   93      316.77323393409955      0.0826882055456429      0.0
naive   94      320.4618236415386       0.08348596832497529     0.0
naive   100     335.64088117344477      0.07778695300210282     0.0
naive   112     360.51429583026567      0.058304344057099194    0.0
naive   117     371.88746976937114      0.04454127394795356     0.0
naive   119     373.77446726844505      0.03661518406949282     0.0

cassafe 1       3.66847277809775        0.0     0.0
cassafe 2       6.960778103619535       0.001464895751906776    0.0
cassafe 10      34.45305058679402       0.003275889689874287    3.2e-07
cassafe 16      53.88187438792243       0.06252042802861785     5.8125e-07
cassafe 18      59.62935277711564       0.07653672588385685     6.833333333333333e-07
cassafe 20      67.1293546245941        0.07423283006150151     7.45e-07
cassafe 26      84.05227559164564       0.0863231925423733      9.692307692307691e-07
cassafe 28      90.67902233116659       0.08763874786942458     9.428571428571429e-07
cassafe 35      111.14231765610306      0.08625880265862433     1.18e-06
cassafe 38      120.00724763992531      0.08652423037153761     1.2736842105263159e-06
cassafe 47      147.6274810246727       0.08548845324053359     1.7063829787234042e-06
cassafe 53      165.06291115186474      0.08539900622338228     1.9415094339622643e-06
cassafe 56      173.33786016357257      0.08657606249145768     2.160714285714286e-06
cassafe 60      184.9222759346095       0.08599914824992717     2.1733333333333334e-06
cassafe 62      191.37963683324156      0.08355373234855397     2.317741935483871e-06
cassafe 65      198.09371023400635      0.08161790614360513     2.4446153846153844e-06
cassafe 69      208.75566967200876      0.08115729083860149     2.482608695652174e-06
cassafe 76      227.16206996260607      0.07760506904071629     2.7789473684210525e-06
cassafe 79      233.47205286779922      0.07340275906669258     2.8620253164556963e-06
cassafe 84      245.64521958075088      0.06863666235828972     3.1107142857142857e-06
cassafe 85      247.60533597072828      0.06696531494485324     3.055294117647059e-06
cassafe 92      265.30284288170094      0.06331987391652308     3.4054347826086955e-06
cassafe 94      271.01708260606506      0.0649826124869569      3.4117021276595745e-06
cassafe 98      280.6260234785219       0.06430271356966245     3.619387755102041e-06
cassafe 100     285.1760395684721       0.0613716838965381      3.657e-06
cassafe 102     289.165673456417        0.05819138808558644     3.6931372549019606e-06
cassafe 104     293.37093544414876      0.05503771908917121     3.904807692307692e-06
cassafe 109     304.8545887873261       0.051961303407818384    3.942201834862385e-06
cassafe 113     313.4269885772198       0.04416225885094168     4.210619469026549e-06
cassafe 118     322.7334060189659       0.03188426610823375     4.450847457627119e-06
cassafe 119     324.64200590529794      0.0286676448031968      4.508403361344538e-06
cassafe 122     331.64929660903096      0.03128506415360264     4.478688524590164e-06
cassafe 123     332.876572139372        0.0281100231997248      4.459349593495935e-06
cassafe 126     338.1488021674  0.01755116582078539     4.6761904761904765e-06
