naive   3       13.026875602312067      0.004887438897990527    0.0
naive   11      47.61373909001015       0.004758771020359579    0.0
naive   20      84.88577028000634       0.07998709586279733     0.0
naive   21      89.20459719633796       0.07246581168416184     0.0
naive   30      122.99660230085918      0.09942983561280193     0.0
naive   31      127.2650109510814       0.09838233663665488     0.0
naive   35      143.9894693272222       0.09033799893516592     0.0
naive   37      150.37693588198772      0.09619581932362346     0.0
naive   38      154.48582325110073      0.09670251020309202     0.0
naive   40      160.82013120671223      0.09954381938680575     0.0
naive   42      168.93651000116589      0.09754264247177508     0.0
naive   43      172.93796080273668      0.10104999809191657     0.0
naive   45      177.29427969068283      0.10706054069990287     0.0
naive   48      186.0466573524367       0.11044185250346081     0.0
naive   50      194.16498343100878      0.10650843199771691     0.0
naive   52      200.77953843843326      0.10665405830902233     0.0
naive   56      212.05392688237248      0.10618251928687107     0.0
naive   68      250.6724516201626       0.10533028035588964     0.0
naive   71      262.0065651953338       0.10583732952588033     0.0
naive   76      276.0778192058611       0.10397953212172038     0.0
naive   77      278.93451494052346      0.10259040644429415     0.0
naive   78      280.87408939941577      0.10164655857702093     0.0
naive   83      293.2294157908923       0.09650121046582329     0.0
naive   90      310.87773992527866      0.08749893700239768     0.0
naive   108     354.1172673357033       0.06789991430012064     0.0
naive   118     377.56210044434465      0.05216000984827093     0.0

cassafe 2       6.905156978386169       0.002620507073297623    0.0
cassafe 6       20.765475412869566      0.004165199638253456    6.666666666666667e-08
cassafe 8       27.574272703783677      0.004548813849819196    7.5e-08
cassafe 24      81.49549900076047       0.05491871677067514     2.4583333333333334e-07
cassafe 30      99.32770374810443       0.07314755771127145     2.4e-07
cassafe 35      115.84391559621766      0.07008468654260862     3.6285714285714283e-07
cassafe 41      133.63360536821375      0.07372295136805243     3.878048780487805e-07
cassafe 43      139.8754707369395       0.076006917405238       3.7674418604651165e-07
cassafe 45      144.54113631817322      0.07790675184326294     3.7333333333333334e-07
cassafe 49      155.6607331984887       0.07999052309488289     4.6122448979591835e-07
cassafe 50      158.8111352676259       0.07929837349659243     4.52e-07
cassafe 52      164.13817792831006      0.08093298987641641     4.673076923076923e-07
cassafe 53      166.58371778006847      0.08093424933818169     4.490566037735849e-07
cassafe 58      179.72603458712135      0.08057768661368454     5.189655172413793e-07
cassafe 60      185.9632058779746       0.08047616001886122     5.383333333333333e-07
cassafe 61      188.2154107723191       0.08057634520821741     5.737704918032787e-07
cassafe 66      203.24994895304746      0.08072667889254037     5.318181818181819e-07
cassafe 70      213.77228933857737      0.08078190189221544     6.357142857142857e-07
cassafe 72      219.21248869109456      0.07996174617846567     6.416666666666666e-07
cassafe 74      224.69862317683086      0.0794777714964856      7.135135135135135e-07
cassafe 83      240.8921835228061       0.07329570130442921     7.457831325301205e-07
cassafe 84      248.14837125920945      0.07319800893413077     7.452380952380952e-07
cassafe 97      279.38542759935234      0.06495501518039107     9.164948453608248e-07
cassafe 111     311.4834057044967       0.051597265361838646    1.0477477477477478e-06
cassafe 113     315.42331398327775      0.04823948477502724     1.0221238938053097e-06
cassafe 117     323.71098470341803      0.04297869662664417     1.0401709401709402e-06
cassafe 121     332.026257464635        0.03392696926119104     1.0760330578512396e-06
cassafe 124     336.19215242637335      0.02545970277200493     1.1185483870967742e-06
cassafe 126     340.15220375605514      0.017723438871976523    1.192857142857143e-06
