atomic  1       4.034945859096463       0.0     0.0
naive   1       3.770852816072883       0.0     0.0
atomic  2       7.86676222160512        0.0016756203532019504   0.0
atomic  3       11.94453594548832       0.0020554875656423562   0.0
naive   3       11.64584518945073       0.002046423900197171    0.0
naive   7       24.619593367722715      0.0034140601665301035   0.0
naive   9       29.22758844755391       0.0029331707600269404   0.0
atomic  10      35.53433350400475       0.0034173786281134684   0.0
naive   10      30.99058843720692       0.002749292347237471    0.0
atomic  12      40.568086179686986      0.002984050487137109    0.0
naive   13      34.11234697609889       0.04266614980609235     0.0
atomic  15      43.6164047695411        0.14079011890318668     0.0
naive   15      35.71541330090564       0.057202338358311434    0.0
atomic  20      50.94084493108855       0.12985944079137451     0.0
naive   20      38.26291347023867       0.03489347465768024     0.0
naive   23      39.05776631085731       0.030853015693317217    0.0
atomic  28      56.64413034664054       0.1275551141022274      0.0
naive   28      39.829307034069 0.0239322384187487      0.0
atomic  29      57.04733352928403       0.12064820048034731     0.0
naive   29      39.953368670417255      0.02201512409049241     0.0
naive   32      40.25019252386399       0.019106012158924605    0.0
naive   34      40.3624368057268        0.01684993892987779     0.0
atomic  35      59.23527473085896       0.10708597340300235     0.0
atomic  36      59.368113831322056      0.10510682115049347     0.0
naive   37      40.622300890682375      0.014935424981133039    0.0
atomic  38      60.287243414266825      0.10807919691159486     0.0
naive   38      40.70637272444576       0.014987201715592138    0.0
naive   39      40.69470577021389       0.014875653172093124    0.0
atomic  42      60.79815905931655       0.10069009886396435     0.0
naive   43      40.868322461744356      0.01344758446146968     0.0
naive   45      40.987850844769525      0.012837854996336044    0.0
atomic  46      62.160610886047365      0.10743350777028193     0.0
naive   47      41.066919078191816      0.013217542025938054    0.0
atomic  48      62.542718692403746      0.11159565082097422     0.0
naive   48      41.03870896068988       0.013922853824600033    0.0
naive   49      41.11782363910912       0.014637240812972949    0.0
atomic  50      62.88444072695108       0.11477318858554189     0.0
atomic  51      63.186286334100615      0.12127044804434976     0.0
naive   51      41.10638786440054       0.01474385651483028     0.0
naive   52      41.16555312855896       0.014591008093228271    0.0
naive   53      41.185806431557054      0.014018343235320507    0.0
naive   55      41.150004497729505      0.014176569278775973    0.0
atomic  57      63.87604274518722       0.13144840999074883     0.0
naive   57      41.21149752580388       0.015284789374688188    0.0
naive   59      41.227665704147334      0.014490966335111127    0.0
naive   60      41.21104691921994       0.014630739864276427    0.0
atomic  61      64.37542070660925       0.131610597894844       0.0
naive   62      41.148232302127084      0.014671350938428758    0.0
atomic  63      64.41490195018102       0.1401866598648677      0.0
naive   63      41.17557586633829       0.014962384269308075    0.0
naive   64      40.77665007642376       0.014787795299904732    0.0
naive   66      41.18668459902388       0.014473044552767086    0.0
atomic  67      64.60532680691637       0.14019512428669498     0.0
atomic  69      64.78414077375803       0.13750986836383705     0.0
naive   70      41.101996912922964      0.014029055519855524    0.0
atomic  71      64.73640115033234       0.14486932762348476     0.0
atomic  72      64.86967302905559       0.14388044945968492     0.0
atomic  73      64.80889447142904       0.14704773697973597     0.0
atomic  74      64.76208509735852       0.1498966240559934      0.0
atomic  77      64.42891242196298       0.15577264060829482     0.0
naive   77      41.11696700679697       0.014274166836867544    0.0
atomic  82      64.50890958271303       0.15737728695281755     0.0
naive   83      41.06799717773141       0.013386974682286992    0.0
atomic  86      64.22141727442826       0.15980402769017293     0.0
naive   86      41.084119410641996      0.013641494454366035    0.0
naive   87      41.012709890812864      0.013478561334018108    0.0
atomic  89      64.49587155379703       0.15957815240963605     0.0
naive   93      40.96862045392353       0.013292541342136734    0.0
atomic  94      64.37833332008269       0.16123807451914574     0.0
naive   94      41.03370289487699       0.01330427436715377     0.0
atomic  95      64.22335281542276       0.16141209642047646     0.0
naive   97      40.93229662711964       0.012835024845160088    0.0
atomic  105     62.39894752213083       0.15265444778414688     0.0
atomic  106     62.59388145622107       0.1495202069530025      0.0
naive   106     40.84778905632276       0.012244561363595492    0.0
naive   107     40.788620157240594      0.011693709992593422    0.0
atomic  111     61.91322953391378       0.14008915137057806     0.0
naive   112     40.79678410268904       0.011003314481818452    0.0
atomic  116     60.73302694556323       0.1190332100093689      0.0
naive   116     40.61164756931555       0.009062869334795953    0.0
atomic  118     60.39768546283529       0.10806107561258092     0.0
atomic  122     59.92431201071105       0.09305984646065049     0.0
naive   125     40.63255750291712       0.006696443846114967    0.0
atomic  127     58.99808991589757       0.038790773930857676    0.0
atomic  128     58.74574594647406       0.0048272401472252546   0.0
